30
6
5 2 4 6 3 1
6
2 4 8 16 32 64
3
1 1 1
3
200000 200000 200000
3
65537 65537 131073
200
49911 139873 24305 128581 109221 3326 114953 46747 100470 40453 127573 158812 83515 46664 181971 151439 24754 134287 39683 191136 74811 18266 121501 48126 86867 197815 55146 70974 99019 42319 162508 114673 4998 172958 50879 102657 173843 86022 10344 82113 1436 88768 31282 77763 93784 22613 117381 166410 13261 136119 170236 83809 106456 85473 115450 17089 24081 157738 114735 27837 22765 130435 160781 178402 168361 44382 68575 50851 65797 71067 22723 142327 141125 140195 191733 110512 56355 180688 77039 133993 195049 114569 709 38235 119087 77271 63978 186195 72336 114571 73128 24003 197811 116925 76686 130335 106149 193701 155710 65432 18780 197519 133300 185828 35906 53302 69138 120715 15220 107977 77971 75671 110212 104665 187215 183610 18240 143510 101065 26449 41502 77979 185781 39708 158751 143014 89181 46095 149336 108716 118425 66995 47035 52476 37513 120090 56232 134022 14110 56420 49792 108226 37143 1067 54715 64993 74544 164830 98367 25586 126357 84608 38496 177094 29439 20452 172656 26154 47431 72580 85865 30269 197401 115920 113830 151921 170016 155269 85112 110667 122310 53078 56489 38007 132989 136846 74014 125044 81983 83446 25942 167825 122008 134420 7591 181540 145522 133343 196980 72782 93604 28629 41535 127747 178701 109994 30300 139577 90709 186485
200
1024 1280 85504 19712 9728 39168 71168 100 125 8350 1925 950 3825 6950 168 210 14028 3234 1596 6426 11676 544 680 45424 10472 5168 20808 37808 748 935 62458 14399 7106 28611 51986 1736 2170 144956 33418 16492 66402 120652 776 970 64796 14938 7372 29682 53932 256 25 42 136 187 434 194 4 5 334 77 38 153 278 132690 174640 184850 94421 168630 90544 83721 4580 87149 123336 80127 65776 38876 75804 99691 142391 73096 95231 127059 114137 42063 23546 61806 59347 38027 54683 111704 54487 46803 150805 35049 188436 56984 104497 123505 74758 36141 182443 163330 73989 25791 8133 17310 181807 109859 176637 123041 89752 92561 149966 160504 141132 22195 136195 162636 90920 85977 100810 143474 196536 166707 91529 104985 186634 156723 159237 176699 70298 175277 11530 64837 123195 161055 106782 99677 117418 79904 84595 123434 115908 131278 56963 163370 118538 133231 15138 196595 106375 195070 25478 80562 199584 150969 74088 17807 41242 53145 126650 90073 11680 43608 110648 25605 10738 89437 58841 184997 62772 94092 35831 4061 96786 106297 140033 172780 57093 29562 154970 157771 115892 43377 139305 112743 125924 42742 53391 164288 52656 73027 12742 116439 91353 79172 142719 10731 157616 172712
200
15996 17484 21762 27342 37851 23622 9672 24645 22785 39153 21948 14136 24596 26884 33462 42042 58201 36322 14872 37895 35035 60203 33748 21736 71380 78020 97110 122010 168905 105410 43160 109975 101675 174715 97940 63080 12728 13912 17316 21756 30118 18796 7696 19610 18130 31154 17464 11248 13244 14476 18018 22638 31339 19558 8008 20405 18865 32417 18172 11704 25456 27824 34632 43512 60236 37592 15392 39220 36260 62308 34928 22496 49192 53768 66924 84084 116402 72644 29744 75790 70070 120406 67496 43472 57276 62604 77922 97902 135531 84582 34632 88245 81585 140193 78588 50616 65188 71252 88686 111426 154253 96266 39416 100435 92855 159559 89444 57608 37840 41360 51480 64680 89540 55880 22880 58300 53900 92620 51920 33440 23564 25756 32058 40278 55759 34798 14248 36305 33565 57677 32332 20824 34228 37412 46566 58506 80993 50546 20696 52735 48755 83779 46964 30248 93 143 415 74 77 148 286 333 379 220 137 199 172 188 234 294 407 254 104 265 245 421 236 152 125479 134223 181840 65514 191664 24130 191607 124237 100533 142787 11236 164732 145906 174444 137966 181307 157807 193523 92336 149312 44940 141886 105034 173954 130149 146205 69574 8451 27035 132924 29006 91718
200
200000 200000 200000 200000 200000 200000 200000 200000 200000 200000 200000 200000 200000 200000 200000 200000 200000 200000 200000 200000 200000 200000 200000 200000 200000 200000 200000 200000 200000 200000 200000 200000 200000 200000 200000 200000 200000 200000 200000 200000 200000 200000 200000 200000 200000 200000 200000 200000 200000 200000 200000 200000 200000 200000 200000 200000 200000 200000 200000 200000 200000 200000 200000 200000 200000 200000 200000 200000 200000 200000 200000 200000 200000 200000 200000 200000 200000 200000 200000 200000 200000 200000 200000 200000 200000 200000 200000 200000 200000 200000 200000 200000 200000 200000 200000 200000 200000 200000 200000 200000 200000 200000 200000 200000 200000 200000 200000 200000 200000 200000 200000 200000 200000 200000 200000 200000 200000 200000 200000 200000 200000 200000 200000 200000 200000 200000 200000 200000 200000 200000 200000 200000 200000 200000 200000 200000 200000 200000 200000 200000 200000 200000 200000 200000 200000 200000 200000 200000 200000 200000 200000 200000 200000 200000 200000 200000 200000 200000 200000 200000 200000 200000 200000 200000 200000 200000 200000 200000 200000 200000 200000 200000 200000 200000 200000 200000 200000 200000 200000 200000 200000 200000 200000 200000 200000 200000 200000 200000 200000 200000 200000 200000 200000 200000 200000 200000 200000 200000 200000 200000
200
179695 119105 154795 179280 9545 154795 151060 136950 46480 29465 97110 93528 61992 80568 93312 4968 80568 78624 71280 24192 15336 50544 88332 58548 76092 88128 4692 76092 74256 67320 22848 14484 47736 106085 70315 91385 105840 5635 91385 89180 80850 27440 17395 57330 40269 26691 34689 40176 2139 34689 33852 30690 10416 6603 21762 21217 14063 18277 21168 1127 18277 17836 16170 5488 3479 11466 26846 17794 23126 26784 1426 23126 22568 20460 6944 4402 14508 24681 16359 21261 24624 1311 21261 20748 18810 6384 4047 13338 76208 50512 65648 76032 4048 65648 64064 58080 19712 12496 41184 173633 115087 149573 173232 9223 149573 145964 132330 44912 28471 93834 47197 31283 40657 47088 2507 40657 39676 35970 12208 7739 25506 415 216 204 245 93 49 62 57 176 401 109 433 287 373 432 23 373 364 330 112 71 234 190869 20643 166173 76430 47782 116537 170594 70111 92565 169590 93934 38754 199652 60314 159741 114623 27756 132879 112153 1109 185036 79042 27021 103159 173845 173554 189258 81412 113065 33084 125270 155064 111247 74181 170057 117105 198739 133339 28056 189109 83016 127151 55318 193600 48432 2001 42455 699 16007 189845 9783 155403 100216 82086 51764 41528 54054
200
0 0 0 0 0 0 0 0 0 0 0 0 0 0 0 0 0 0 0 0 0 0 0 0 0 0 0 0 0 0 0 0 0 0 0 0 0 0 0 0 0 0 0 0 0 0 0 0 0 0 0 0 0 0 0 0 0 0 0 0 0 0 0 0 0 0 0 0 0 0 0 0 0 0 0 0 0 0 0 0 0 0 0 0 0 0 0 0 0 0 0 0 0 0 0 0 0 0 0 0 0 0 0 0 0 0 0 0 0 0 0 0 0 0 0 0 0 0 0 0 0 0 0 0 0 0 0 0 0 0 0 0 0 0 0 0 0 0 0 0 0 0 0 0 0 0 0 0 0 0 0 0 0 0 0 0 0 0 0 0 0 0 0 0 0 0 0 0 0 0 0 0 0 0 0 0 0 0 0 0 0 0 0 0 0 0 0 0 0 0 0 0 0 0 0 0 0 0 0 0
200
0 0 0 0 0 0 0 0 0 0 0 0 0 0 0 0 0 0 0 0 0 0 0 0 0 0 0 0 0 0 0 0 0 0 0 0 0 0 0 0 0 0 0 0 0 0 0 0 0 0 0 0 0 0 0 0 0 0 0 0 0 0 0 0 0 0 0 0 0 0 0 0 0 0 0 0 0 0 0 0 0 0 0 0 0 0 0 0 0 0 0 0 0 0 0 0 0 0 0 0 71765 132248 132076 27144 9261 164655 22808 160941 137377 92978 47929 94144 75288 51214 1110 127199 51506 112410 170912 80545 124695 190386 91988 36152 579 90002 53457 54045 80034 59775 151757 135459 117414 141704 131968 47528 75344 9630 6494 95592 66274 27026 193019 189440 155175 171353 10723 52495 105601 194816 68861 120379 152060 33322 23156 110441 107319 73579 166024 197678 130177 13505 19139 106298 160931 138887 110285 25196 54547 183159 190026 181095 101279 37445 135956 165460 100863 36104 16479 96645 98205 120133 69812 13200 144522 170995 80842 138515 143361 33761 163815 45966 148851 147854 193813 79741 59389 51680 98131 85028
200
17160 3828 19448 748 17864 4532 1012 15224 118950 26535 134810 5185 123830 31415 7015 105530 7800 1740 8840 340 8120 2060 460 6920 104910 23403 118898 4573 109214 27707 6187 93074 54990 12267 62322 2397 57246 14523 3243 48786 39390 8787 44642 1717 41006 10403 2323 34946 9750 2175 11050 425 10150 2575 575 8650 87750 19575 99450 3825 91350 23175 5175 77850 44 305 20 269 141 101 25 225 390 87 442 17 406 103 23 346 16452 119411 136087 162626 30439 20826 27934 83156 39634 28613 123335 128215 17272 82026 89203 129875 4222 10390 127971 83779 123855 169232 24854 164461 43531 84 119337 43749 151979 141373 161416 128130 195471 38570 188405 119469 79356 71909 172290 101015 158012 124941 192792 78198 101639 27957 159558 153781 183176 154742 87979 83122 183131 48585 198650 129180 115306 125890 15108 7416 125693 96296 143479 154820 192217 151153 18037 152674 48471 98020 93264 190073 95626 152464 196786 116408 158534 20092 28251 129997 85628 82098 181427 126388 40923 18321 147809 54255 195014 69094 53635 164701 96596 76462 117650 87875 8362 82238 140586 116264 68962 91361 18852 128406 26042 13846 165305 13367 113163 64710 45246 163697 20111 57840 127548 65069 133212 32366 29179 71081
200
96288 161434 116403 73385 13408 140719 36675 49952 29068 2148 112251 63879 191617 19206 175176 50509 123935 14922 55296 123656 29559 46433 34149 133019 42399 153279 192345 109169 22505 102235 88057 85807 65576 99727 33914 136640 6589 76516 196145 36635 113219 177185 13636 23894 134602 193250 128613 60988 49744 181644 153533 121374 95856 149502 194827 189056 19187 86698 175726 51275 3416 67535 171673 150771 119828 13875 169559 3372 3943 111635 89619 95715 135171 142947 66010 199575 153342 73912 65153 52394 43028 77972 168576 23896 159917 24105 159631 146168 53752 90194 8701 69499 198518 179917 117111 18520 24373 91654 5811 135628 17447 144436 153878 99754 192184 18178 15213 109315 9249 33723 75398 1217 86694 191380 26853 775 198536 151257 132681 64358 19830 162411 197969 147942 84538 47998 41358 30444 138937 36767 63162 207 159880 118443 74310 149337 187389 22029 116163 81476 55115 49721 78625 174894 166310 7024 149052 71361 18815 25033 184589 38891 177672 94824 102151 43481 39710 196227 198273 34 139110 128367 39736 77 156226 196850 71026 50463 72833 96040 190776 172506 115617 133888 83145 104652 149760 75982 180227 148249 160196 22594 116928 67030 164883 111893 58721 110189 171083 64459 52836 197362 30727 41578 79025 170209 107686 163718 145911 58081
200
88705 50390 30027 32928 183433 26287 8090 102349 7766 142700 109955 176659 186123 125557 104690 104742 4750 194401 104488 59387 14612 43047 20633 183545 24505 27367 187748 98393 189044 22692 143002 93270 79745 52278 81481 189573 67133 172318 37478 141525 97857 105081 8593 194960 168932 84496 91386 1058 6714 159257 57795 137477 36085 110297 29799 2272 70714 46621 99921 18541 51588 2554 199480 61704 136985 189199 189056 68357 131266 31603 162807 77554 34167 137589 55981 188817 92979 138306 43929 28003 105221 138583 83240 66198 142889 54069 92001 125059 48656 9771 105637 159071 145671 14277 95858 136843 130039 33842 100663 167495 29419 1594 24752 174039 162277 179097 187347 42462 148274 151221 62633 130482 49628 1409 153787 142949 73902 58698 178472 179480 1948 6191 53819 103369 154855 130762 95743 36611 63282 160571 36542 59084 42456 161712 34311 5863 156095 85006 31415 183743 127722 155669 102317 55601 138943 133799 72757 131300 19317 69563 37805 150522 143956 139055 179859 43807 68936 58207 373 103835 34116 79753 129467 41214 145530 149343 8834 177728 147407 27337 147111 166266 128573 69527 87184 136976 102229 192431 66128 111488 3486 183745 175523 173747 138673 86768 131765 181916 15628 516 62924 22765 108013 112301 11647 140372 88075 154316 8619 71571
200
0 0 0 0 1 0 1 1 0 1 1 0 0 0 0 1 0 0 0 1 0 1 1 0 1 1 1 0 0 1 0 1 1 1 1 1 0 0 0 1 0 1 0 1 0 0 0 1 0 0 1 1 0 0 1 1 1 0 0 0 0 1 0 1 1 0 0 1 1 1 1 1 0 1 0 0 0 0 0 0 0 1 1 1 1 1 0 0 1 1 0 1 0 1 1 1 0 0 0 1 0 1 0 1 0 1 0 0 1 0 0 0 0 0 1 1 0 0 1 0 0 1 0 0 0 0 0 0 1 1 0 1 1 0 0 0 1 0 1 0 1 1 0 1 0 0 0 1 0 0 0 0 1 0 0 1 0 1 1 0 0 0 1 1 1 1 0 1 0 0 0 1 0 0 0 1 0 1 0 0 1 1 0 1 0 0 0 1 0 1 1 1 0 0 1 1 1 1 0 0
200
107457 64974 147441 71400 39270 29631 129591 56406 52479 99603 50337 97825 59150 134225 65000 35750 26975 117975 51350 47775 90675 45825 15652 9464 21476 10400 5720 4316 18876 8216 7644 14508 7332 82474 49868 113162 54800 30140 22742 99462 43292 40278 76446 38634 96621 58422 132573 64200 35310 26643 116523 50718 47187 89559 45261 46655 28210 64015 31000 17050 12865 56265 24490 22785 43245 21855 113477 68614 155701 75400 41470 31291 136851 59566 55419 105183 53157 94514 57148 129682 62800 34540 26062 113982 49612 46158 87606 44274 23478 14196 32214 15600 8580 6474 28314 12324 11466 21762 10998 100233 60606 137529 66600 36630 27639 120879 52614 48951 92907 46953 68026 41132 93338 45200 24860 18758 82038 35708 33222 63054 31866 357 325 52 274 321 155 377 314 78 333 226 301 182 413 200 110 83 363 158 147 279 141 140388 2824 58859 158033 32598 51690 194208 2819 165669 131695 105611 165463 193343 8401 142736 81734 136540 58553 101009 123623 149964 14751 50706 169959 37578 158882 29871 65542 119135 39243 51808 4338 69163 12090 126900 66529 128869 46242 51656 38272 78736 173402 35393 1979 194682 152546 181008 151619 72512 169771 68918 115705 90200 66355 10404 69781 34160
200
105112 84390 142304 198614 65517 165108 170074 26737 114784 100588 30468 135247 30495 81813 149000 108796 86983 130976 183854 99990 20668 159741 122963 42084 10382 153528 46726 114662 40582 150451 13919 226 82771 24034 54226 163570 9619 83960 106556 127804 63598 177978 137058 185674 35408 167383 171120 41328 132099 78820 119988 13983 181723 37951 183933 146595 34245 39906 71280 15323 124054 62907 146172 193549 32069 110366 63699 142547 169462 104187 110231 29547 108568 16362 62082 108155 13204 112052 133950 88949 44323 20031 197860 27573 117631 143611 102129 121120 309 18073 127878 23032 168897 158522 80074 45797 61266 96826 159644 25662 188105 149084 118727 192448 30493 103789 14515 117201 116427 172118 101638 195874 36296 59505 47486 195944 15867 63481 179702 27982 67641 185165 76843 29052 35896 11949 113597 127891 20143 75226 57718 91352 197072 23247 146262 50739 50020 8537 80892 61721 30636 3665 124476 102449 125069 3590 67084 97044 15288 60854 143660 60363 56643 178010 93681 199827 191130 164751 22435 196374 113891 58151 163484 136736 86553 14958 114438 17747 180744 161972 54652 55266 197764 114433 160230 99978 31162 72663 157126 135630 139745 100505 10360 39236 158802 168384 44399 54880 155327 8729 109371 180279 49930 199516 89568 9076 13485 159085 21112 24302
200
80680 87518 24263 167392 72691 74886 139469 195015 162631 83068 176386 139185 182797 148680 179170 196851 125357 57465 163646 32832 157558 155179 197224 7994 104016 175037 118851 53870 170167 188772 89882 32584 112371 61946 152680 184817 169208 95796 184127 148880 47473 66235 55189 185110 7446 147399 127299 169873 107827 124235 136945 148526 63098 137690 141371 59621 75455 181076 150626 97480 31101 28096 183361 55009 10658 160555 104727 169110 50180 5130 147797 26774 185657 159246 102864 189493 29022 13281 65305 55490 192338 8401 68026 38864 35786 137298 19675 146021 130155 35086 1767 55616 136201 40529 71004 22373 145668 15179 66367 152286 109717 43269 128151 64938 161547 178397 22253 11883 121335 65027 44414 86110 120792 45551 192197 133741 196857 84809 305 127685 196909 1665 103859 188845 63609 58290 196701 63088 23638 38189 123493 91915 31060 16198 33389 11410 29853 56910 107606 147116 141790 61566 190944 15071 174341 154166 114209 65154 61603 8875 152521 9213 98083 169388 36264 126576 120698 159386 181267 118204 50990 141103 144386 187677 168799 182998 87059 199300 192339 57892 154045 169013 116452 1594 54587 42269 20752 190205 5118 52890 13370 171290 64753 15612 48916 136272 65171 124045 167120 132341 125722 21475 89339 100501 57284 84152 150909 87978 149325 82149
200
171884 15520 104372 61304 124548 86136 15520 153648 124548 8860 800 5380 3160 6420 4440 800 7920 6420 38541 3480 23403 13746 27927 19314 3480 34452 27927 83284 7520 50572 29704 60348 41736 7520 74448 60348 46515 4200 28245 16590 33705 23310 4200 41580 33705 52717 4760 32011 18802 38199 26418 4760 47124 38199 149734 13520 90922 53404 108498 75036 13520 133848 108498 197135 17800 119705 70310 142845 98790 17800 176220 142845 38541 3480 23403 13746 27927 19314 3480 34452 27927 388 20 87 188 105 119 338 445 87 443 40 269 158 321 222 40 396 321 73397 132618 121730 184214 93000 17640 184973 50381 75416 66697 62344 199550 87698 170206 85999 89541 30766 151061 45966 94606 66676 142193 162064 119309 1605 82748 140663 118957 27404 45909 66895 22425 32662 14571 126272 39218 111454 149012 34145 161427 131961 100527 196048 130128 137802 171621 33701 41370 54542 101704 10281 170959 96204 59343 96277 66576 44157 54866 36759 31806 108189 151286 131587 104213 44389 179847 18880 42992 170548 93769 37628 183888 155708 194409 30914 69504 42847 189783 103286 39690 80847 3669 160821 151387 143899 124459 24371 106002 177131 176863 156696 13121 28713 179183 173470 135755 114032 35312 50974 73923 57423
200
160443 132168 56473 45073 123779 161679 169955 105178 7140 173929 143246 45392 76379 163690 142045 106734 99997 122591 132860 71030 21837 32910 135224 17561 141908 20237 135945 23236 151862 34284 35567 64074 85190 118504 193656 75041 3002 173996 56804 180302 48730 60526 88691 130985 199714 1857 30102 132162 13477 15377 180626 153957 56338 16630 51803 15430 99946 18940 60277 89260 125723 120206 151419 133302 70687 81692 173659 31863 26558 140096 13481 92129 131690 141008 8525 146432 48377 124669 143072 55816 91720 73778 63740 71081 85831 178743 197590 145203 20936 170109 111954 192708 103953 175489 127245 56961 156122 64700 137950 103476 88018 119033 176447 174779 52595 57574 72569 95255 171405 118054 5244 171899 114060 162916 72297 104997 143092 157600 99655 118697 37657 6163 186399 190105 177116 44794 165851 184141 115944 114958 12964 79345 33585 92851 39397 37014 155070 161659 80405 5105 36570 59795 121027 113131 176872 184607 42820 113293 134024 102693 30779 137938 29308 69848 16502 21552 191373 112347 21850 135561 173581 93571 28064 125317 185011 63265 104376 116529 52451 112239 24610 78354 86121 198680 130928 124829 81778 60534 113771 95946 671 187956 14232 124789 112252 41868 82286 68122 156821 196129 150023 189805 121545 75106 34769 91927 160484 17860 123559 198702
200
0 0 0 0 0 0 0 0 0 0 0 0 0 0 0 0 0 0 0 0 0 0 0 0 0 0 0 0 0 0 0 0 0 0 0 0 0 0 0 0 0 0 0 0 0 0 0 0 0 0 0 0 0 0 0 0 0 0 0 0 0 0 0 0 0 0 0 0 0 0 0 0 0 0 0 0 0 0 0 0 0 0 0 0 0 0 0 0 0 0 0 0 0 0 0 0 0 0 0 0 108508 146187 103795 117502 197380 5472 55038 122856 165054 106021 15401 12146 96494 98154 14149 82680 191647 166329 36219 13818 72312 183937 131921 74307 150737 34819 101669 143090 123294 187012 35009 147859 96328 14441 136315 86740 63298 43542 159881 129442 159611 64065 105502 78112 75588 193704 175930 113915 72417 106236 86226 43552 167403 42054 173371 23132 155835 188982 99486 146581 92832 165285 140544 100148 179225 180587 84621 192909 199218 80920 145778 25662 121295 54880 157659 142180 193406 159191 156345 97998 154002 162927 98565 136815 18254 65515 67317 83104 105094 87060 164751 137351 80697 63572 159278 24155 47553 30339 32512 185136
200
0 0 1 0 0 1 1 0 0 1 1 1 1 0 0 0 1 1 1 0 1 1 0 0 1 1 1 0 0 1 0 1 1 1 1 1 0 1 1 0 0 1 1 1 0 1 1 1 0 0 0 1 1 0 0 1 0 1 1 0 1 0 1 1 0 1 1 1 1 0 1 1 1 0 1 1 0 0 0 1 0 1 1 0 1 1 0 1 0 0 1 0 0 0 0 1 1 0 1 0 1 1 0 1 0 1 1 1 1 0 0 0 1 0 0 1 0 1 0 1 1 0 1 0 0 0 0 0 1 1 0 0 1 0 1 0 1 1 0 1 1 0 0 0 1 0 0 0 1 1 0 1 0 1 0 1 1 0 1 0 1 0 0 0 1 1 1 0 1 1 0 0 1 1 0 0 1 0 1 1 1 0 1 0 0 1 1 0 0 1 0 0 1 1 1 0 0 1 0 1
200
70327 13222 35137 66792 16233 45800 13257 38368 145156 118180 195927 41691 171662 97516 46560 160304 44299 89616 98791 121292 50631 146747 2587 179536 163094 43932 86471 170052 161084 131379 150927 113020 122451 150230 122901 148706 121266 100866 82684 150484 26629 111015 7262 188277 163791 12748 108122 125173 21112 7650 95937 84301 194752 38499 876 134686 129895 145282 102580 197280 37800 172406 154398 121832 78699 23538 74363 135809 73816 71570 197271 122907 197443 198165 138810 127513 161773 71688 43304 138938 69296 71778 104469 186419 7060 23523 124740 85314 145492 181710 65087 30957 175782 124705 109387 59797 98782 21981 179560 156538 87558 162383 52083 163585 168009 93746 12127 134665 5301 32845 21807 116209 192698 36806 103332 60152 83661 22218 102323 55311 64476 71245 57988 158148 190038 36429 57481 166677 18846 100041 48403 104522 61525 148975 69266 192753 140265 70308 114578 72169 29950 88900 69773 73900 161669 188635 83598 115030 41401 194410 55204 135002 28001 9279 191569 14705 78275 143810 178272 26990 125283 4621 46652 32698 161537 95296 42532 117953 70873 109862 139529 126185 99068 165618 156511 122505 28234 87630 72687 147732 189446 8700 146989 56879 198234 64083 188695 189902 71256 142164 57504 199693 160082 189400 191351 44166 128924 139787 45746 167607
200
131073 131073 65537 65537 65537 65537 65537 131073 131073 65537 131073 131073 131073 65537 131073 65537 65537 65537 131073 65537 65537 65537 65537 131073 131073 65537 65537 131073 65537 131073 131073 65537 131073 65537 131073 65537 131073 131073 131073 131073 65537 65537 65537 65537 131073 131073 65537 65537 65537 65537 65537 65537 65537 131073 131073 65537 131073 131073 65537 131073 131073 131073 131073 131073 65537 65537 65537 65537 131073 131073 131073 65537 65537 65537 131073 131073 131073 131073 131073 131073 131073 131073 131073 131073 131073 65537 65537 65537 65537 65537 131073 131073 65537 131073 131073 131073 131073 131073 65537 131073 131073 131073 65537 65537 131073 65537 131073 65537 65537 131073 65537 65537 131073 65537 65537 131073 65537 65537 131073 65537 131073 65537 65537 65537 131073 65537 131073 65537 65537 131073 65537 65537 65537 65537 131073 65537 65537 131073 65537 131073 131073 131073 131073 65537 65537 131073 65537 131073 65537 65537 65537 131073 65537 65537 65537 65537 65537 131073 65537 131073 65537 65537 131073 131073 131073 131073 65537 65537 131073 131073 65537 65537 131073 65537 131073 65537 131073 131073 131073 65537 65537 131073 131073 65537 131073 65537 131073 65537 65537 65537 131073 131073 65537 65537 65537 131073 131073 65537 65537 65537
200
45548 146921 98491 948 30796 65536 85096 122599 181318 150528 67608 44097 112733 89809 156248 14356 81028 115590 139648 128663 136388 181750 2738 89018 53806 176008 9495 137272 113204 130628 44232 121449 42822 168051 22046 158071 177974 62573 46829 73336 195187 74977 165538 94191 55017 2544 182316 29022 84001 122117 183757 3646 177988 158663 7576 98541 126660 30087 145102 33688 20861 12740 190442 151588 133640 129727 46450 28899 42213 116364 1723 29396 74796 55229 96769 86429 89392 156110 80380 163597 62090 150805 165403 12377 59233 12098 168061 180863 57497 140564 69631 112831 132888 179265 197620 90019 68438 94938 87340 151873 45467 15169 3268 19653 3507 28993 75207 135757 43676 129290 119521 194273 193781 58559 48563 187654 6688 99578 51821 195828 51505 98932 84729 45991 165215 13752 66296 22135 97882 177335 81258 88681 61600 62449 111670 183305 95652 101464 2951 177097 192470 29544 64368 115489 97026 10434 38851 49851 176532 11101 118292 26263 187902 25753 59633 44352 188048 112355 98439 33118 51626 109212 120791 140740 146080 113532 9209 152262 108556 154246 142566 45642 156787 68437 183718 189624 180678 100361 22219 50406 111015 119371 76873 110368 185836 108746 89448 159460 183504 16947 43129 131102 170989 79088 158876 182538 13093 85724 198044 121930
200
106133 144389 114300 163277 87406 107325 197604 162811 99343 133407 55142 147052 96470 123920 41881 75904 88323 192413 101317 183020 71002 120848 111799 193147 137343 198220 158326 177322 186542 57489 119677 128795 155566 93593 12183 106547 92785 47559 156048 191186 47131 192900 29671 175875 123668 29590 185794 97592 150048 155391 7478 50231 9622 88128 35157 14444 190283 139925 50762 196318 186467 156346 196307 122282 110249 47954 174931 96350 100242 131071 79441 132871 66452 43422 87509 138939 179577 73631 49296 183821 119454 136119 164907 64568 43752 182015 20348 160440 158465 145290 5302 87304 100249 17336 28502 30316 136222 100437 892 128517 67415 50138 49666 150336 134275 146987 30168 153306 102453 133816 76813 57772 400 137564 42215 57416 109206 62740 138984 177351 150398 30993 46522 92503 67913 153152 82244 176389 108130 113226 133542 48251 3240 6082 12620 178997 135276 147883 13555 161618 124187 71490 144689 113396 64583 32054 58904 74324 142418 169695 53944 101479 14965 154441 94675 156107 44392 123856 104928 31594 110193 63594 21894 53984 27895 85728 95894 128437 157970 129898 36388 196353 4258 75831 157454 82849 106827 111221 45493 171600 175207 83859 133761 180686 103796 127894 87207 155204 153106 139241 177721 20243 146063 44753 37142 152124 121401 138944 196973 90837
200
1 1 1 1 1 1 1 1 1 1 1 1 1 1 1 1 1 1 1 1 1 1 1 1 1 1 1 1 1 1 1 1 1 1 1 1 1 1 1 1 1 1 1 1 1 1 1 1 1 1 1 1 1 1 1 1 1 1 1 1 1 1 1 1 1 1 1 1 1 1 1 1 1 1 1 1 1 1 1 1 1 1 1 1 1 1 1 1 1 1 1 1 1 1 1 1 1 1 1 1 1 1 1 1 1 1 1 1 1 1 1 1 1 1 1 1 1 1 1 1 1 1 1 1 1 1 1 1 1 1 1 1 1 1 1 1 1 1 1 1 1 1 1 1 1 1 1 1 1 1 1 1 1 1 1 1 1 1 1 1 1 1 1 1 1 1 1 1 1 1 1 1 1 1 1 1 1 1 1 1 1 1 1 1 1 1 1 1 1 1 1 1 1 1 1 1 1 1 1 1
200
33088 42592 95040 38720 120736 60544 72864 41078 52877 117990 48070 149891 75164 90459 9964 12826 28620 11660 36358 18232 21942 15980 20570 45900 18700 58310 29240 35190 18800 24200 54000 22000 68600 34400 41400 30550 39325 87750 35750 111475 55900 67275 15416 19844 44280 18040 56252 28208 33948 352 437 106 170 200 325 164 94 121 270 110 343 172 207 113526 148145 134944 110453 174094 92250 51386 113156 82099 113555 108216 47288 158265 188318 178208 8566 115727 60385 166891 77312 193629 30464 78150 2814 141710 132198 188265 101447 174909 40947 51908 7445 120659 164313 77062 34798 109173 75069 35069 133829 89927 95561 37294 109714 55694 82184 186530 71281 168673 132275 60529 151066 128869 91546 871 152060 166910 79628 13362 3060 115662 135259 27316 114539 184191 429 4158 107767 137707 155114 22932 199382 90942 16513 115 155948 175969 124720 37816 28731 133614 52816 185306 175647 69383 17537 69830 169707 66785 193528 74215 160978 59033 156105 194413 121612 121632 46568 11794 91173 147625 25379 112930 155658 159326 60171 199391 84323 131428 120181 103680 20957 22505 148864 198139 74888 18075 43743 165559 27730 136656 181278 165089 124043 103869 49721 66462 189105 67634 144316 92806 158009 85000 131559 75039 16874 40423
200
17055 48133 118248 140988 156527 141367 72389 14985 42291 103896 123876 137529 124209 63603 8505 24003 58968 70308 78057 70497 36099 1440 4064 9984 11904 13216 11936 6112 17055 48133 118248 140988 156527 141367 72389 4500 12700 31200 37200 41300 37300 19100 12195 34417 84552 100812 111923 101083 51761 379 333 189 32 379 100 271 45 127 312 372 413 373 191 5666 69073 118720 159534 101859 166714 139535 115587 116735 110151 138347 188440 112806 167728 186645 122148 132393 36405 113926 143643 118519 140522 149987 180561 81217 58673 41446 47739 147743 85035 101299 113308 32147 194917 163052 165502 132034 81904 81482 149778 18153 93800 178401 93422 161612 41655 3960 193186 35574 127783 191227 184298 189075 133713 158896 122793 101808 40901 11421 167843 166211 117192 125753 90527 107324 175982 62669 34899 74068 147285 181490 188970 137297 146435 135142 41301 45306 118697 175149 66577 74759 63822 104228 5096 103366 194441 100237 169103 131118 22580 165259 46864 190936 178390 2716 83047 116634 21228 199065 165891 43394 198471 97166 190082 32104 147379 13554 91428 177013 150352 122888 118682 89323 83227 33777 155550 57842 90890 122691 142008 528 88081 98502 133122 82408 60052 77493 187741 137516 108910 186493 163335 41337 111641 118220 29062 51350
