30
6
5 2 4 6 3 1
6
2 4 8 16 32 64
3
1 1 1
3
200000 200000 200000
200
135297 192019 13833 34955 86338 129819 81695 184054 155232 115528 11516 159585 65670 83583 152272 6659 111542 73582 122933 198972 101192 91141 107937 136651 10009 54706 102086 57760 89148 54681 100076 88439 171582 166376 140894 19435 23933 12150 92567 84378 122591 63874 156624 51721 163060 97584 159134 177561 180080 80302 159798 134457 199976 93141 14437 109618 185556 21687 88716 43551 33794 183237 38843 15002 164168 118111 174353 64536 22065 129316 150752 53511 64879 74091 8278 26997 149687 102436 54528 34540 65443 108813 57047 140224 184876 54615 141411 166664 145800 56380 122735 52823 67870 114323 18025 41150 120665 158452 132719 101624 55565 3457 166373 1302 66491 188076 147608 148230 184805 30179 2880 133353 30578 26946 154761 64834 183775 36204 155726 162090 41196 114051 37233 35669 143803 195873 88053 44296 120393 178039 181416 133943 37335 1165 105672 84588 178851 138235 75398 16939 172895 155894 32521 38121 65355 167687 117511 24645 68488 137415 68663 93793 188259 194849 40809 9229 88700 190405 78470 155910 54181 30269 153266 4870 118882 131594 111356 163841 58304 13249 26947 31755 188281 105218 19998 110996 73533 103529 41361 197788 125250 133242 168397 9782 194924 102870 184019 21646 143211 54181 157090 96716 2759 136608 195137 177281 76633 144774 114039 195050
200
18856 58707 188041 132965 195216 129801 158244 146496 179104 55315 42053 116882 121031 9696 101352 173339 105357 150064 153414 186801 15720 149090 117414 62699 17985 159852 15946 42588 35816 186216 88787 47511 166352 97209 194730 195551 94452 184317 190779 167230 186666 47958 145695 91202 102850 141297 189874 24479 156140 193944 108371 85221 139032 105299 111583 115134 152081 166560 93017 30119 154259 92200 127579 119669 154277 143572 144572 131958 83139 134866 28859 68156 43421 141922 48674 188563 129843 130763 19525 163436 137773 15490 127656 192478 21309 84697 87142 122920 112383 46949 20627 108185 21221 127873 183906 101972 175965 22775 192096 110893 57222 149553 106061 170287 134253 34796 175337 67621 83733 38506 166003 103856 46233 160678 189971 170473 182074 36220 98570 177251 92159 199791 46600 183752 49763 181380 69795 38695 56451 3974 157 49460 102690 140203 177116 186526 50113 129214 9003 33969 117419 43194 166402 183442 99510 54769 80235 167643 167906 109857 124656 138828 13054 99660 15577 43999 104527 81214 61395 186072 41675 20563 29347 50533 171866 24484 178875 38550 112185 26266 59247 57855 44096 15477 181084 97483 74729 81216 194652 45871 30383 198938 128847 52122 30035 196457 70094 148127 77787 93289 122161 76893 89491 191420 157370 27943 182650 68790 145088 7997
200
63654 82194 51912 9579 130398 26883 87447 106914 43672 56392 35616 6572 89464 18444 59996 73352 30488 39368 24864 4588 62456 12876 41884 51208 12154 15694 9912 1829 24898 5133 16697 20414 91464 118104 74592 13764 187368 38628 125652 153624 28634 36974 23352 4309 58658 12093 39337 48094 51912 67032 42336 7812 106344 21924 71316 87192 32960 42560 26880 4960 67520 13920 45280 55360 309 212 148 59 444 139 252 160 206 266 168 31 422 87 283 346 136366 22147 146634 160288 140801 14141 132862 153484 195165 125542 64998 101734 90627 84503 67700 39985 46585 14406 112532 97287 172857 148404 79119 162903 49892 98748 102615 51898 5832 140212 111975 139541 19615 82635 56480 98264 134575 103408 14972 42378 340 116171 193027 118925 153672 189862 161809 73863 164856 140938 83879 126469 128743 83622 22574 95810 4724 58798 172268 115339 28042 177461 193377 139995 47618 69473 146287 190527 40263 141946 17827 165078 121433 81878 114122 72272 106437 39039 149963 25798 43335 111564 163114 25251 121727 21130 167048 31981 138210 118709 117892 148083 131117 52313 155278 27771 20838 189649 47846 113710 181744 75638 75857 75562 129513 180038 127528 190328 2113 2223 34384 146212 141759 165991 13029 28156 139301 152727 70661 187829
200
1 1 1 1 1 1 1 1 1 1 1 1 1 1 1 1 1 1 1 1 1 1 1 1 1 1 1 1 1 1 1 1 1 1 1 1 1 1 1 1 1 1 1 1 1 1 1 1 1 1 1 1 1 1 1 1 1 1 1 1 1 1 1 1 1 1 1 1 1 1 1 1 1 1 1 1 1 1 1 1 1 1 1 1 1 1 1 1 1 1 1 1 1 1 1 1 1 1 1 1 1 1 1 1 1 1 1 1 1 1 1 1 1 1 1 1 1 1 1 1 1 1 1 1 1 1 1 1 1 1 1 1 1 1 1 1 1 1 1 1 1 1 1 1 1 1 1 1 1 1 1 1 1 1 1 1 1 1 1 1 1 1 1 1 1 1 1 1 1 1 1 1 1 1 1 1 1 1 1 1 1 1 1 1 1 1 1 1 1 1 1 1 1 1 1 1 1 1 1 1
200
156090 125158 123393 181028 89128 31803 99190 197117 87373 79686 5200 109171 160113 59659 164309 162384 185514 65397 3155 15449 142913 158298 13600 88913 172817 155256 110120 84917 66599 2697 12366 178547 65160 141005 30061 181961 101129 1547 67253 176711 174207 171327 162434 9823 174105 151812 72390 169302 131526 195814 42669 121743 108095 198929 117927 77514 83830 159848 25150 79335 71477 128385 161680 53212 138262 55162 151132 4243 75486 51123 146324 22451 160505 196601 723 11206 117236 168836 193062 142807 182658 139098 15958 167006 196653 130537 11659 176600 73417 77740 189667 145041 50311 78221 175461 155497 63969 47583 117394 66747 151582 175636 148737 38208 182503 92360 231 114551 13784 65351 183887 12724 69275 64503 150669 79491 123488 95180 52133 10300 164672 140841 196096 169971 56567 63238 127528 187775 196708 21344 8036 37182 152056 188247 160031 178703 11997 168034 89819 122859 63037 135381 170067 198133 136934 39040 103330 199008 36038 158346 145557 25640 124654 107589 32278 50633 186745 156115 115157 199053 28670 179977 193276 199959 199269 37363 131443 87197 101467 160739 18359 84704 127300 147941 144411 167053 129153 175336 58939 149227 138170 176893 107962 179158 156940 58938 3821 92487 129728 36456 67477 127417 87189 102393 18362 97205 154368 165621 185507 68782
200
38775 173033 1075 20743 30718 104072 52777 159665 162503 137183 173587 136539 80427 37999 22847 164703 115648 62740 198873 152609 165280 111702 92477 98101 68216 118204 199237 97615 61307 6171 164515 96061 39107 178994 85747 126731 43721 75904 132340 156565 66300 11750 87244 35708 125218 61952 128060 1583 153943 13812 69994 141732 102477 88892 38344 21992 138815 169077 179501 163007 5060 140779 4206 128255 27467 23065 140202 91460 29480 64918 45586 139258 171064 124622 158690 154026 71862 35236 80293 85032 153149 10562 9697 47648 117941 133890 174827 177019 78874 189264 62972 105212 91103 120268 113691 109368 87654 27220 51161 58893 24692 156557 86370 155990 172338 54820 2848 168450 3270 136960 75194 196646 162020 38403 46127 53792 49249 105559 95829 30227 72191 125722 18147 187876 50004 114297 83539 101188 110955 103969 43178 20059 69187 127048 54280 55080 122824 17992 21305 52025 35427 68135 27214 57911 163524 58407 167194 196257 198893 156297 97748 83505 67403 122809 92412 164258 54435 120125 91078 33160 45039 29250 4240 5410 43829 40393 44684 74049 108285 198773 2140 195288 116086 30098 165054 36768 36351 80070 175946 12200 16123 129558 87572 180518 165482 71355 43140 164305 90412 156955 153881 182280 157062 143520 156192 167354 78553 157666 188645 33075
200
366 22082 29646 44774 51972 14518 33916 22204 9516 10736 99 5973 8019 12111 14058 3927 9174 6006 2574 2904 57 3439 4617 6973 8094 2261 5282 3458 1482 1672 984 59368 79704 120376 139728 39032 91184 59696 25584 28864 1236 74572 100116 151204 175512 49028 114536 74984 32136 36256 159 9593 12879 19451 22578 6307 14734 9646 4134 4664 1212 73124 98172 148268 172104 48076 112312 73528 31512 35552 822 49594 66582 100558 116724 32606 76172 49868 21372 24112 1287 77649 104247 157443 182754 51051 119262 78078 33462 37752 1134 68418 91854 138726 161028 44982 105084 68796 29484 33264 122 33 19 328 412 53 404 274 429 378 3 181 243 367 426 119 278 182 78 88 150176 137192 44609 149688 168054 138476 171361 45316 43336 164281 114055 34827 120373 17754 170341 192931 44495 57282 146914 46439 156511 158963 67048 21038 64285 60930 151183 161926 97647 185821 33550 51669 125929 121190 137073 57790 89181 83014 176544 63389 18762 72116 70345 46459 52600 86187 25557 47158 4604 77835 27350 131281 134806 61582 7692 154296 192206 59428 129532 46223 894 39664 149924 198215 190508 29771 157207 89690 3344 129336 147437 94109 87828 147686 165368 144355 56626 22026 54056 198652
200
666 858 516 776 496 790 640 310 64 384 72 494 290 87912 113256 68112 102432 65472 104280 84480 40920 8448 50688 9504 65208 38280 131535 169455 101910 153260 97960 156025 126400 61225 12640 75840 14220 97565 57275 75591 97383 58566 88076 56296 89665 72640 35185 7264 43584 8172 56069 32915 22977 29601 17802 26772 17112 27255 22080 10695 2208 13248 2484 17043 10005 49950 64350 38700 58200 37200 59250 48000 23250 4800 28800 5400 37050 21750 21978 28314 17028 25608 16368 26070 21120 10230 2112 12672 2376 16302 9570 99900 128700 77400 116400 74400 118500 96000 46500 9600 57600 10800 74100 43500 116883 150579 90558 136188 87048 138645 112320 54405 11232 67392 12636 86697 50895 139527 179751 108102 162572 103912 165505 134080 64945 13408 80448 15084 103493 60755 105894 136422 82044 123384 78864 125610 101760 49290 10176 61056 11448 78546 46110 79254 102102 61404 92344 59024 94010 76160 36890 7616 45696 8568 58786 34510 88578 114114 68628 103208 65968 105070 85120 41230 8512 51072 9576 65702 38570 2 264 395 227 69 150 66 300 351 419 318 238 266 333 429 258 388 248 395 320 155 32 192 36 247 145 84418 134337 113219 45508 51428
200
181800 59918 62511 81256 58036 18809 160834 118991 18273 8249 161136 128404 59683 178352 152476 131306 132624 88953 48523 126831 50945 149808 16494 168039 57479 47396 35080 154445 58755 65241 46092 160174 177782 190543 196731 179920 143782 41365 96258 9209 157523 85362 27037 22203 123089 173725 199078 107275 67255 61375 29339 369 64095 148107 45779 39304 98732 170264 30439 72420 48990 19106 185220 10293 19388 100360 61200 69017 123577 130481 147680 146268 72099 171190 97710 168403 75899 172031 116041 95319 93904 41848 81803 188877 115130 173960 147147 149291 81974 8919 129236 147024 161320 84308 198188 165179 181794 8242 128350 128721 175409 129343 13247 18450 180346 185265 20510 116318 125629 66604 63178 19726 173777 58546 117330 87344 180632 78268 158140 131947 174394 139277 53170 91577 104150 101947 102295 53504 100195 131580 43636 22088 185705 77218 68496 49423 170629 144212 121216 142153 121229 7917 153979 124099 32353 72674 56772 120472 26464 179540 428 29629 23749 135774 30530 15124 110814 29915 24871 135967 61091 89282 137518 165 177397 80737 179361 25725 174721 17275 144526 64593 59467 55489 99728 198698 125731 14993 129344 147704 44043 194935 135478 160909 77010 185552 75691 100448 182888 149065 97624 182683 36809 56410 153976 36961 104352 94569 32283 112077
200
71483 36897 34496 33900 83215 54347 142777 115779 21394 11283 144943 172531 131673 936 314 174240 133912 179436 78422 63852 197735 177938 173393 164908 73184 54802 97680 115617 17832 137371 108046 150883 49481 53779 103669 46277 164746 140219 38705 40374 159171 68732 170108 198021 69681 40338 1502 80420 66091 138819 6365 30749 35060 81488 104820 130184 143048 9575 20162 155200 38156 195305 7664 144265 169961 75046 82326 170984 141558 175133 66235 69451 85614 133361 123066 84905 106169 167401 150097 148966 48866 52277 185423 92513 30597 129463 148967 93476 141364 24802 148559 124113 138803 23862 100017 69452 25358 30452 157261 116366 121730 56072 170058 89385 122502 34642 142908 46343 141787 87041 78161 181274 102882 196721 126374 199269 60394 68077 52964 171963 171565 149998 95025 102661 383 38546 75785 116049 161155 27135 50053 108760 155592 70941 87953 191560 154459 100374 118042 140281 165357 155029 46332 30185 64318 53634 138489 156995 140130 87674 1522 43663 113875 65688 99143 119838 108016 189923 13730 73468 71524 175303 187885 142365 105676 34478 123970 134082 113879 112433 190313 26612 54732 175287 37537 128329 69017 121144 125606 119367 18452 53900 93104 179520 174558 4541 145975 64667 97638 174696 162061 159209 128523 21247 154840 35130 118201 31218 12771 158411
200
0 0 0 0 0 0 0 0 0 0 0 0 0 0 0 0 0 0 0 0 0 0 0 0 0 0 0 0 0 0 0 0 0 0 0 0 0 0 0 0 0 0 0 0 0 0 0 0 0 0 0 0 0 0 0 0 0 0 0 0 0 0 0 0 0 0 0 0 0 0 0 0 0 0 0 0 0 0 0 0 0 0 0 0 0 0 0 0 0 0 0 0 0 0 0 0 0 0 0 0 17044 8066 135089 113255 132393 146781 118251 160096 191164 59383 48038 168707 97902 117453 144428 101221 24837 123814 25505 148239 15546 61777 76518 53698 60717 62123 44069 109839 178696 118221 188567 143314 28775 5641 125900 91576 158282 149441 129471 26891 77309 39343 75744 64688 137032 130045 68526 153418 191662 11725 99853 58948 158226 147211 190684 99729 45466 124571 124285 167069 72806 94750 48832 86488 98679 122138 71828 12095 59122 28993 71328 173880 15202 79038 30999 104792 149592 92441 168205 61881 9517 165456 191752 123108 178806 153651 174879 116308 103946 29588 144547 167700 57596 129354 179054 116052 16733 75201 34586 181798
200
114607 80762 83730 106247 41820 26866 191757 56350 144706 56421 185786 62581 42218 173433 25550 100827 78555 171226 105477 90601 47648 36667 175985 31575 159723 148359 155901 133023 131330 199380 66543 126127 70187 108150 92185 40500 50163 116557 4038 198467 75566 107141 185352 91347 150884 174244 148594 69607 9513 83375 154671 52463 106444 50234 49212 119426 130148 162107 58085 123112 10020 56383 97302 63296 95277 92850 185431 52121 196039 112462 198047 79451 172438 52450 68285 1817 37642 113938 73438 2208 136065 108694 34454 61835 86775 28044 136736 194963 129712 13011 121612 75054 39844 138687 53066 46175 187172 6163 2067 105297 33754 152236 164526 199850 84954 150224 83589 165110 85080 33370 115724 155029 52933 94349 9616 28693 186493 149349 89127 53980 64311 179393 178412 175777 139966 79629 100902 120800 188573 104962 127517 158550 87375 143834 149851 19142 24803 160468 194474 195298 127433 10728 192945 95935 1063 199953 177327 36579 42195 39681 1313 16769 5458 54921 178223 151709 183909 105651 113225 89669 7441 81759 147583 82280 80216 159385 94520 174626 172109 187352 115789 95647 107531 89912 95183 189817 164483 5024 9304 76476 174213 92766 15303 188253 172473 123329 138723 180358 78805 6983 59037 179695 96904 149883 187773 77688 25725 130867 96126 45105
200
33698 44820 23074 23738 57270 69720 7636 66400 664 49634 498 58266 23751 31590 16263 16731 40365 49140 5382 46800 468 34983 351 41067 15631 20790 10703 11011 26565 32340 3542 30800 308 23023 231 27027 20503 27270 14039 14443 34845 42420 4646 40400 404 30199 303 35451 17864 23760 12232 12584 30360 36960 4048 35200 352 26312 264 30888 12789 17010 8757 9009 21735 26460 2898 25200 252 18837 189 22113 60900 81000 41700 42900 103500 126000 13800 120000 1200 89700 900 105300 25375 33750 17375 17875 43125 52500 5750 50000 500 37375 375 43875 61306 81540 41978 43186 104190 126840 13892 120800 1208 90298 906 106002 51968 69120 35584 36608 88320 107520 11776 102400 1024 76544 768 89856 86072 114480 58936 60632 146280 178080 19504 169600 1696 126776 1272 148824 55825 74250 38225 39325 94875 115500 12650 110000 1100 82225 825 96525 166 117 77 101 88 63 300 125 302 256 424 275 203 270 139 143 345 420 46 400 4 299 3 351 54733 34646 5708 170098 52479 155490 23410 117115 8499 99587 188536 144105 89999 137186 179156 80166 28440 141821 1279 167972 41366 184059 85885 1159 147238 154691 156967 47008 110750 15733 145416 103147
200
15348 18927 24130 161534 12111 98444 113500 126124 31333 98485 141573 57140 1523 8203 101081 78392 77307 74409 82761 55398 150238 178587 138194 191625 136076 126614 21416 75483 17031 93684 94051 18455 16391 30273 110488 64574 114731 8367 63225 7802 9004 175303 194193 33547 8372 54335 135730 193 183736 66989 134409 51869 62018 163967 47384 101224 150497 166685 174591 70473 125343 161026 162154 135957 120291 98966 120873 106531 135188 105315 2646 12059 98914 2584 87558 136663 32796 50453 25437 74623 176161 191505 191869 85522 165723 124561 164344 149850 50138 150035 39299 35448 85800 63914 93022 159017 135745 157373 191884 135192 4305 187271 107743 99084 45881 14576 183425 75299 99083 166752 175064 45905 179693 76458 63332 135869 90985 156149 182312 31086 63144 99521 61772 23184 66681 180846 159049 11277 161968 184291 40863 9948 141117 156026 45914 9589 157980 18375 32451 16466 42962 188964 49664 192636 43610 160151 95603 17531 95598 179103 118348 113701 84848 42585 12798 41092 123311 44274 65843 129287 182403 147147 163922 37508 180688 85870 136685 142439 128590 35960 83347 64043 183695 96501 87038 112273 76545 66990 125250 45169 137209 86322 104432 71568 86785 168550 107155 33000 167994 119214 97372 58608 182588 70385 125273 83581 185943 86443 48038 130797
200
115730 88040 118570 14910 152295 15265 154070 58220 139870 23075 2840 139854 106392 143286 18018 184041 18447 186186 70356 169026 27885 3432 11736 8928 12024 1512 15444 1548 15624 5904 14184 2340 288 7172 5456 7348 924 9438 946 9548 3608 8668 1430 176 134638 102424 137942 17346 177177 17759 179242 67732 162722 26845 3304 37490 28520 38410 4830 49335 4945 49910 18860 45310 7475 920 94214 71672 96526 12138 123981 12427 125426 47396 113866 18785 2312 110514 84072 113226 14238 145431 14577 147126 55596 133566 22035 2712 88672 67456 90848 11424 116688 11696 118048 44608 107168 17680 2176 51834 39432 53106 6678 68211 6837 69006 26076 62646 10335 1272 38794 29512 39746 4998 51051 5117 51646 19516 46886 7735 952 355 429 36 22 413 115 289 339 272 159 119 326 248 334 42 429 43 434 164 394 65 8 61087 175205 74740 89609 193282 73490 79701 75869 52812 54217 64781 29623 153629 107651 178658 53173 47876 191654 46226 186610 61122 168438 110734 195815 112639 163213 28332 98491 186508 99951 60839 69076 185903 197616 51650 55113 147664 85605 86307 26764 94397 83758 190586 147387 107921 94966 111747 192831 187026 66933 26816 110302 65450 192354 146328 164849 55469
200
0 0 0 0 0 0 0 0 0 0 0 0 0 0 0 0 0 0 0 0 0 0 0 0 0 0 0 0 0 0 0 0 0 0 0 0 0 0 0 0 0 0 0 0 0 0 0 0 0 0 0 0 0 0 0 0 0 0 0 0 0 0 0 0 0 0 0 0 0 0 0 0 0 0 0 0 0 0 0 0 0 0 0 0 0 0 0 0 0 0 0 0 0 0 0 0 0 0 0 0 184376 87858 42634 9185 139856 97375 172690 181406 113402 176011 38608 43927 111874 79003 38073 21279 33045 177247 120631 107981 117364 182445 53033 131681 138844 93591 28208 13956 191721 66073 179934 179084 67409 66909 79196 23868 133111 27258 71399 146823 181487 135261 70668 29167 127678 163835 74210 20648 48288 155164 42246 91 118663 139156 6345 193513 103212 81376 155324 198039 92403 137671 21688 52533 53367 100949 43732 13697 22110 166094 140713 188463 130403 169362 168512 88258 79504 13697 93174 36653 127170 39290 170728 165005 53868 91571 144282 169288 119461 24623 132460 84789 124426 104857 166246 171725 88785 144941 189259 172621
200
65537 131073 65537 65537 131073 131073 65537 65537 131073 131073 131073 65537 65537 65537 131073 65537 65537 65537 65537 65537 65537 65537 65537 65537 131073 131073 65537 131073 131073 131073 131073 65537 65537 131073 131073 131073 131073 131073 131073 131073 131073 65537 131073 131073 65537 65537 65537 65537 131073 131073 131073 65537 65537 65537 131073 65537 65537 131073 131073 65537 65537 131073 65537 65537 131073 131073 131073 65537 65537 65537 131073 65537 65537 65537 131073 131073 131073 131073 131073 65537 131073 131073 131073 131073 131073 131073 131073 65537 65537 131073 65537 131073 131073 131073 131073 131073 65537 131073 65537 65537 65537 65537 65537 65537 65537 65537 131073 65537 131073 131073 65537 65537 131073 65537 131073 65537 131073 65537 131073 131073 65537 65537 65537 65537 131073 65537 65537 65537 131073 131073 131073 131073 65537 65537 65537 65537 131073 65537 131073 131073 131073 131073 131073 65537 131073 65537 65537 65537 131073 65537 131073 131073 131073 65537 131073 131073 65537 131073 65537 131073 65537 131073 131073 65537 65537 131073 65537 65537 65537 131073 65537 65537 65537 65537 65537 131073 131073 131073 131073 65537 131073 131073 65537 131073 131073 65537 65537 131073 65537 131073 65537 65537 131073 65537 65537 131073 131073 65537 65537 65537
200
756 844 68 366 346 690 580 20 39312 43888 3536 19032 17992 35880 30160 1040 20412 22788 1836 9882 9342 18630 15660 540 161028 179772 14484 77958 73698 146970 123540 4260 68418 76382 6154 33123 31313 62445 52490 1810 1134 1266 102 549 519 1035 870 30 17010 18990 1530 8235 7785 15525 13050 450 29862 33338 2686 14457 13667 27255 22910 790 2 104 54 426 181 3 45 79 378 422 34 183 173 345 290 10 26237 87958 28566 74274 135436 24813 95117 130854 127512 40850 3279 81060 161669 98134 148323 52874 169675 14363 195754 133522 144459 5970 109136 20862 169900 189378 167308 31759 155346 69788 63880 27214 50054 57075 109492 30169 148234 96225 121039 149487 178724 51084 51492 111966 108874 83629 57357 141599 125439 18533 184432 85981 19140 70256 133676 128266 177667 159770 17860 94471 19552 144926 53746 130073 177219 94060 90906 102224 93351 120476 161106 170745 106534 106474 104370 61837 104060 187078 46196 81425 141614 182307 108387 149453 146001 63594 167372 34390 194187 145119 198978 186380 139814 104582 13056 189318 180130 179753 30024 168764 152549 56283 158979 19679 50435 187918 108968 168441 188042 131784 111246 185377 132801 190800 64434 170130 198162 56747 89720 194585
200
0 0 0 0 0 0 0 0 0 0 0 0 0 0 0 0 0 0 0 0 0 0 0 0 0 0 0 0 0 0 0 0 0 0 0 0 0 0 0 0 0 0 0 0 0 0 0 0 0 0 0 0 0 0 0 0 0 0 0 0 0 0 0 0 0 0 0 0 0 0 0 0 0 0 0 0 0 0 0 0 0 0 0 0 0 0 0 0 0 0 0 0 0 0 0 0 0 0 0 0 0 0 0 0 0 0 0 0 0 0 0 0 0 0 0 0 0 0 0 0 0 0 0 0 0 0 0 0 0 0 0 0 0 0 0 0 0 0 0 0 0 0 0 0 0 0 0 0 0 0 0 0 0 0 0 0 0 0 0 0 0 0 0 0 0 0 0 0 0 0 0 0 0 0 0 0 0 0 0 0 0 0 0 0 0 0 0 0 0 0 0 0 0 0 0 0 0 0 0 0
200
0 1 1 0 1 0 0 0 0 1 0 0 1 0 1 0 1 1 1 0 1 1 0 1 1 1 1 0 1 1 1 0 0 0 0 0 0 1 0 1 1 0 1 1 1 0 1 0 0 1 0 1 0 1 0 0 0 1 0 0 1 1 0 0 0 0 1 0 1 1 0 1 1 1 0 1 1 1 1 0 0 0 1 1 0 1 0 0 1 1 0 1 0 0 0 1 1 0 0 0 1 1 1 1 0 1 1 1 1 1 1 0 1 1 0 1 1 1 1 0 1 0 1 0 0 0 1 1 0 0 1 0 1 1 1 0 1 0 0 0 1 0 1 0 1 0 0 0 0 0 0 0 1 1 0 1 1 0 1 0 0 1 1 1 1 1 1 1 1 1 1 0 0 0 1 1 1 1 0 1 0 0 0 0 1 1 1 0 1 0 0 1 0 0 1 1 1 1 0 1
200
1 0 1 0 1 0 1 1 1 0 1 1 0 0 1 0 1 0 0 1 0 1 1 0 0 0 1 0 0 1 0 0 0 1 0 0 1 1 0 1 0 0 0 0 1 0 1 0 0 1 0 0 0 1 0 1 0 0 1 0 0 1 0 0 1 0 1 0 0 1 0 0 0 0 0 1 1 0 1 0 1 1 0 0 1 0 0 0 0 1 1 1 1 0 1 0 0 0 1 0 0 0 1 1 0 0 1 0 0 0 0 1 1 0 0 1 0 1 0 0 0 0 1 0 0 1 0 0 1 0 1 1 1 0 1 1 0 0 1 0 1 0 0 1 0 1 0 1 0 1 1 1 0 0 1 0 0 1 0 0 0 1 1 0 1 0 0 0 0 0 0 1 1 0 1 1 1 1 1 0 0 0 0 0 0 1 1 0 1 1 1 1 0 1 0 0 1 1 0 1
200
200000 200000 200000 200000 200000 200000 200000 200000 200000 200000 200000 200000 200000 200000 200000 200000 200000 200000 200000 200000 200000 200000 200000 200000 200000 200000 200000 200000 200000 200000 200000 200000 200000 200000 200000 200000 200000 200000 200000 200000 200000 200000 200000 200000 200000 200000 200000 200000 200000 200000 200000 200000 200000 200000 200000 200000 200000 200000 200000 200000 200000 200000 200000 200000 200000 200000 200000 200000 200000 200000 200000 200000 200000 200000 200000 200000 200000 200000 200000 200000 200000 200000 200000 200000 200000 200000 200000 200000 200000 200000 200000 200000 200000 200000 200000 200000 200000 200000 200000 200000 200000 200000 200000 200000 200000 200000 200000 200000 200000 200000 200000 200000 200000 200000 200000 200000 200000 200000 200000 200000 200000 200000 200000 200000 200000 200000 200000 200000 200000 200000 200000 200000 200000 200000 200000 200000 200000 200000 200000 200000 200000 200000 200000 200000 200000 200000 200000 200000 200000 200000 200000 200000 200000 200000 200000 200000 200000 200000 200000 200000 200000 200000 200000 200000 200000 200000 200000 200000 200000 200000 200000 200000 200000 200000 200000 200000 200000 200000 200000 200000 200000 200000 200000 200000 200000 200000 200000 200000 200000 200000 200000 200000 200000 200000 200000 200000 200000 200000 200000 200000
200
152433 181320 85781 14870 195222 153531 198026 102647 43754 24808 65947 81835 100080 78528 133382 45022 44542 192823 11692 23350 99146 76984 15258 88559 93972 83833 44485 185214 90451 126063 147261 110607 42422 4633 167924 164232 115572 92800 147442 140978 171144 143302 113417 106067 123770 52539 124361 104604 7688 72738 114895 117455 80661 121324 190139 110681 191858 60625 185612 188659 102169 56733 1351 189940 13419 132954 169026 194168 192110 110320 52960 141813 48570 89539 129827 120416 99867 60805 30815 10258 100781 61829 106190 167556 133396 36871 165987 177451 187880 183914 69906 172204 61081 147255 100704 57849 54860 32570 30154 165101 23089 68087 109436 38929 120686 149233 65274 121520 67494 68799 169998 196644 93665 31298 116472 51986 97077 153149 127779 174678 88827 57033 95194 111425 18967 71715 30046 138232 24339 51106 40084 176716 192572 4260 156712 176289 189173 63640 97451 113238 169232 70671 150124 18883 160693 4106 130582 186757 154304 22955 167966 130868 77587 141721 84968 105610 90108 64821 16930 40622 68128 94611 184048 121079 26754 180137 88063 180362 199849 105796 125139 102772 167288 21127 105479 59600 20598 30183 154637 24244 122691 164467 198166 192957 189281 182147 105904 72619 91323 81548 76091 330 26479 155511 98153 92517 153473 192017 185818 134226
3
65537 65537 131073
200
43068 25220 24347 41613 21534 31428 36860 36860 39770 41322 11349 34726 104340 61100 58985 100815 52170 76140 89300 89300 96350 100110 27495 84130 56832 33280 32128 54912 28416 41472 48640 48640 52480 54528 14976 45824 158952 93080 89858 153582 79476 115992 136040 136040 146780 152508 41886 128164 19092 11180 10793 18447 9546 13932 16340 16340 17630 18318 5031 15394 31080 18200 17570 30030 15540 22680 26600 26600 28700 29820 8190 25060 17316 10140 9789 16731 8658 12636 14820 14820 15990 16614 4563 13962 59052 34580 33383 57057 29526 43092 50540 50540 54530 56658 15561 47614 191808 112320 108432 185328 95904 139968 164160 164160 177120 184032 50544 154656 35964 21060 20331 34749 17982 26244 30780 30780 33210 34506 9477 28998 161616 94640 91364 156156 80808 117936 138320 138320 149240 155064 42588 130312 24864 14560 14056 24024 12432 18144 21280 21280 22960 23856 6552 20048 97 235 128 358 43 70 39 133 432 81 364 56 444 260 251 429 222 324 380 380 410 426 117 358 36818 115506 39412 98471 135679 154863 119384 135979 171767 14751 144701 56000 8675 155818 121201 23879 181361 76621 176428 31628 67216 179207 75859 141787 107335 69325 96304 76781 81643 124811 108171 135497
200
376 136 690 632 128 358 602 248 476 722 17672 6392 32430 29704 6016 16826 28294 11656 22372 33934 45684 16524 83835 76788 15552 43497 73143 30132 57834 87723 3196 1156 5865 5372 1088 3043 5117 2108 4046 6137 68996 24956 126615 115972 23488 65693 110467 45508 87346 132487 72944 26384 133860 122608 24832 69452 116788 48112 92344 140068 54520 19720 100050 91640 18560 51910 87290 35960 69020 104690 28388 10268 52095 47716 9664 27029 45451 18724 35938 54511 79524 28764 145935 133668 27072 75717 127323 52452 100674 152703 36660 13260 67275 61620 12480 34905 58695 24180 46410 70395 2 94 243 17 367 388 290 151 423 195 188 68 345 316 64 179 301 124 238 361 104345 195283 5020 120341 29587 137340 180644 76406 164832 166370 78136 126415 64643 192870 172690 180683 107320 162733 192434 189891 180296 121795 129232 180427 126189 195724 190606 196248 145989 63507 77324 73115 110377 174544 60639 32629 158963 22017 160305 158872 162657 768 6265 194346 80277 24679 144723 138205 86929 109870 194350 14170 2342 133378 92599 87773 12313 19913 50456 10017 27390 14059 5180 159948 25411 169885 70769 27670 38224 1069 51346 45955 46606 163361 107345 8802 197717 190985 134404 22423
