30
6
5 2 4 6 3 1
6
2 4 8 16 32 64
3
1 1 1
3
200000 200000 200000
200
0 0 0 0 0 0 0 0 0 0 0 0 0 0 0 0 0 0 0 0 0 0 0 0 0 0 0 0 0 0 0 0 0 0 0 0 0 0 0 0 0 0 0 0 0 0 0 0 0 0 0 0 0 0 0 0 0 0 0 0 0 0 0 0 0 0 0 0 0 0 0 0 0 0 0 0 0 0 0 0 0 0 0 0 0 0 0 0 0 0 0 0 0 0 0 0 0 0 0 0 89146 18935 133998 183291 141207 48372 57121 190778 160014 196956 176406 101360 133234 197084 102479 59508 180643 162770 197948 78779 75448 177216 117405 114791 129020 191971 199808 176645 187655 67320 114505 180236 182237 44142 185395 198021 87898 194104 196345 7996 176270 132817 57958 137560 176691 40560 33624 138794 159574 47242 148360 170828 121416 171544 46880 115409 113795 132323 79954 173284 151955 67111 149453 161168 153812 95119 72000 90903 77491 103760 155815 62588 33234 30926 155314 56715 114860 111107 78656 80032 48304 157971 165249 86660 18856 147759 172026 126694 104007 72277 155982 39795 121385 180335 183233 169439 846 44156 113058 13906
200
70924 61642 87346 92582 62594 82824 102340 44744 92582 92344 55454 111750 97125 137625 145875 98625 130500 161250 70500 145875 145500 87375 27714 24087 34131 36177 24459 32364 39990 17484 36177 36084 21669 59600 51800 73400 77800 52600 69600 86000 37600 77800 77600 46600 894 777 1101 1167 789 1044 1290 564 1167 1164 699 6854 5957 8441 8947 6049 8004 9890 4324 8947 8924 5359 36058 31339 44407 47069 31823 42108 52030 22748 47069 46948 28193 5662 4921 6973 7391 4997 6612 8170 3572 7391 7372 4427 67646 58793 83309 88303 59701 78996 97610 42676 88303 88076 52891 66454 57757 81841 86747 58649 77604 95890 41924 86747 86524 51959 61388 53354 75602 80134 54178 71688 88580 38728 80134 79928 47998 238 375 93 200 3 23 121 19 227 223 206 298 259 367 389 263 348 430 188 389 388 233 172741 189656 121773 141974 24441 83407 72843 40734 155246 31451 91334 177423 84682 105239 26271 191472 75190 82736 95981 50179 159147 85841 130215 56064 59657 16606 136214 106910 199464 113250 80548 71525 27125 176324 57119 84533 62120 96375 168947 87990 130700 185212 26093 19894 46700 60349 48337 191420 57637 107516 149781 7873 91785 125876 185032 5950 163550
200
200000 200000 200000 200000 200000 200000 200000 200000 200000 200000 200000 200000 200000 200000 200000 200000 200000 200000 200000 200000 200000 200000 200000 200000 200000 200000 200000 200000 200000 200000 200000 200000 200000 200000 200000 200000 200000 200000 200000 200000 200000 200000 200000 200000 200000 200000 200000 200000 200000 200000 200000 200000 200000 200000 200000 200000 200000 200000 200000 200000 200000 200000 200000 200000 200000 200000 200000 200000 200000 200000 200000 200000 200000 200000 200000 200000 200000 200000 200000 200000 200000 200000 200000 200000 200000 200000 200000 200000 200000 200000 200000 200000 200000 200000 200000 200000 200000 200000 200000 200000 200000 200000 200000 200000 200000 200000 200000 200000 200000 200000 200000 200000 200000 200000 200000 200000 200000 200000 200000 200000 200000 200000 200000 200000 200000 200000 200000 200000 200000 200000 200000 200000 200000 200000 200000 200000 200000 200000 200000 200000 200000 200000 200000 200000 200000 200000 200000 200000 200000 200000 200000 200000 200000 200000 200000 200000 200000 200000 200000 200000 200000 200000 200000 200000 200000 200000 200000 200000 200000 200000 200000 200000 200000 200000 200000 200000 200000 200000 200000 200000 200000 200000 200000 200000 200000 200000 200000 200000 200000 200000 200000 200000 200000 200000 200000 200000 200000 200000 200000 200000
200
96978 5380 16066 146294 10467 12525 50021 30379 65476 37565 178608 87860 81256 17182 169450 38216 82003 150492 76525 74206 28218 116745 125804 193463 28741 3004 5804 40971 138276 9691 114003 59289 105393 76555 195260 82800 2797 30404 76681 29162 179488 81903 6196 199198 181740 161573 119500 65196 50802 115855 10469 39220 138193 39342 149297 71639 142962 131907 48029 92840 68155 167471 188230 83279 75250 119721 36951 192146 36333 172121 169921 147986 195350 78113 107299 196440 192214 118009 67654 157410 72230 124502 126766 114416 184733 113194 15526 97955 6636 46598 1535 69268 27227 90466 100561 33663 115071 17811 86483 71664 49569 6100 83409 160390 43958 129 61578 153281 152419 56888 198837 292 157401 53524 176784 166522 105446 23014 60941 47552 136226 13928 78763 67289 119781 189217 194466 192367 30844 32802 81094 25376 161360 180252 36256 110605 98741 158310 89507 3837 24011 118042 97231 197594 42070 179176 132021 125760 55417 154671 107062 88932 197621 37139 175480 182842 30138 132796 114645 85777 196763 94983 146031 139250 44262 17113 171103 136572 56629 129540 163524 37092 178395 70837 49173 29444 190456 25230 136379 191960 19915 141918 3716 173760 7756 121852 13664 152531 103358 78410 190451 60483 78891 185997 105474 123015 159059 83193 187132 112294
200
62779 105417 76481 110037 11942 101704 160934 160497 42812 76686 78870 118066 153910 68290 126215 165365 80100 154909 149614 93529 160224 27789 91998 46556 199519 163414 159570 74394 125238 94286 86639 8516 132002 46979 173200 53082 76820 68248 34532 81765 112730 35935 45467 188895 44423 110944 117587 33589 127491 153964 17762 32190 185762 96272 132790 103074 34006 54280 45187 124924 180329 153153 127199 170949 192466 243 89398 118082 66451 190428 88569 197293 114843 117171 187065 135649 160652 96643 52752 16015 41315 98756 184718 82192 96513 119489 127423 169768 188712 109687 148842 25764 65775 39259 196562 36005 156770 179805 57377 50170 88843 74554 168696 189027 73729 77552 151040 25134 40713 158439 92553 128319 80062 7890 91403 11375 56773 29638 188328 55461 65643 141814 89564 149700 146323 86295 24546 127385 26108 83529 102137 92318 33052 104307 19365 191220 117926 156686 138014 136038 6225 89145 120712 150711 42834 58231 179439 177674 46235 48482 82703 71628 171381 154857 147596 154538 9908 84654 22142 27286 64171 42247 154328 85961 8367 90376 108297 103134 163538 116652 160818 33797 158361 89368 112874 156502 101058 196677 97798 24002 99213 162708 176502 134188 58139 177146 25124 108600 153493 48862 152337 2958 108529 144538 24882 28721 135463 198055 50495 17542
200
43290 47450 33150 16250 50440 20670 31980 24570 55120 35230 41292 45260 31620 15500 48112 19716 30504 23436 52576 33604 13986 15330 10710 5250 16296 6678 10332 7938 17808 11382 25308 27740 19380 9500 29488 12084 18696 14364 32224 20596 116550 127750 89250 43750 135800 55650 86100 66150 148400 94850 71928 78840 55080 27000 83808 34344 53136 40824 91584 58536 102564 112420 78540 38500 119504 48972 75768 58212 130592 83468 142857 156585 109395 53625 166452 68211 105534 81081 181896 116259 101565 111325 77775 38125 118340 48495 75030 57645 129320 82655 119880 131400 91800 45000 139680 57240 88560 68040 152640 97560 130 124 42 76 350 216 308 429 305 360 333 365 255 125 388 159 246 189 424 271 165596 154646 161751 4683 4507 92184 126966 130204 197042 117329 184328 123523 90689 88379 190927 56934 115111 146882 59613 2154 82393 43270 1180 90982 11671 161353 102592 91652 16598 109238 91745 134902 131375 30065 137224 121116 52237 43311 165013 18653 87101 125035 170671 136227 125987 194753 129424 63782 160933 163570 11139 61397 173616 119274 146565 6305 57596 34304 92504 179622 165763 120622 69432 147063 14131 40764 8711 16424 131374 68242 70178 41126 101582 46735 193934 27777 54869 63131 185520 66961
200
0 0 0 0 0 0 0 0 0 0 0 0 0 0 0 0 0 0 0 0 0 0 0 0 0 0 0 0 0 0 0 0 0 0 0 0 0 0 0 0 0 0 0 0 0 0 0 0 0 0 0 0 0 0 0 0 0 0 0 0 0 0 0 0 0 0 0 0 0 0 0 0 0 0 0 0 0 0 0 0 0 0 0 0 0 0 0 0 0 0 0 0 0 0 0 0 0 0 0 0 52530 121529 198532 177751 97388 102523 113543 48374 135637 46175 62906 194527 156035 2544 147586 66590 34115 148220 97747 150982 64763 117954 5165 51313 13221 82235 88674 13392 36333 105069 69323 185493 191556 19635 196412 25648 157587 2513 54032 84454 105648 93494 28677 103717 179346 36087 125402 81658 43159 105134 77797 91758 71793 127765 23640 92299 47114 186866 97757 120991 43594 134818 147939 193544 148024 57832 146780 24534 156654 148436 65978 82958 114752 57690 37974 140155 62973 136730 79925 42650 128955 180171 90219 149248 68181 6271 25745 117852 33277 73697 118088 192902 91285 165349 153101 149863 59322 149568 185255 90392
200
96227 103179 14436 105065 810 156542 2873 18482 192970 87466 165908 33099 113525 45324 7793 7895 64244 163880 150283 46935 115812 35427 7838 139030 64465 123906 55025 135083 103552 130881 10117 13309 175082 68228 46887 88402 96541 175206 15795 12295 158426 52304 188850 58132 75401 75663 65116 103785 56384 79637 1285 107349 137093 172080 166323 85644 101508 155145 118944 175494 65988 176185 139278 108838 188151 175655 18775 82409 131665 73797 146234 155887 81611 71540 125067 57949 175736 37782 129299 141755 87019 128436 131471 42758 89830 28431 101848 120307 147401 45467 148570 64269 134152 115141 141136 7926 188780 37020 50415 112670 1784 66588 3892 95893 62513 171288 22326 52919 142788 74995 155077 110503 2880 123379 7213 8822 57505 37357 79446 196414 178184 96637 39412 36084 128932 108281 79526 199600 52787 126669 193572 197064 28519 94932 19031 93648 85454 153725 81231 132549 90914 143759 86374 42808 75539 149491 5635 74222 140555 47009 198935 9269 81786 72526 98302 144034 179659 187872 102989 180398 126384 95698 89218 96933 41118 4586 77135 54492 173080 97146 6680 174487 66649 192901 170886 4719 63740 126001 19135 71803 103121 148099 41974 83334 27362 55705 91695 49530 172206 134604 187509 168368 145652 71686 146397 149603 72386 156101 155314 29040
200
33696 26559 42120 45396 18954 42120 16380 113184 89211 141480 152484 63666 141480 55020 28512 22473 35640 38412 16038 35640 13860 58176 45854 72720 78376 32724 72720 28280 67680 53345 84600 91180 38070 84600 32900 113184 89211 141480 152484 63666 141480 55020 17856 14074 22320 24056 10044 22320 8680 117 393 99 202 235 393 62 288 227 360 388 162 360 140 82336 73499 193045 84924 151799 106297 32086 37544 120660 157022 49464 28223 195658 76445 176909 11853 69093 151942 154403 17136 4092 72101 16257 7168 119382 101835 94951 42451 111112 126168 141146 86915 151995 198277 143775 139251 144040 30626 125788 87977 97495 29818 117361 101461 131540 89796 23165 64686 73231 70205 134093 26479 115881 134940 25019 14271 6040 130557 143063 47032 167847 144876 91098 23211 66804 131457 69403 79002 71768 17341 95716 102654 168428 169502 105335 67313 107212 24494 109931 161314 81051 183689 123224 20578 142842 22682 25049 67208 57561 152043 147048 8446 89245 34729 145163 98505 172680 73837 116047 92604 40356 154565 107255 179901 164140 58741 3091 5388 101025 195942 179269 160510 193568 167267 136370 46131 154439 185068 30825 150701 20229 118135 29263 77255 196264 1043 127704 187176 63800 175163 61130 109015 146423 44181 85300 176981 5088
200
62252 132384 148538 30338 87074 20882 160358 65798 24822 94560 3940 18518 3152 35234 74928 84071 17171 49283 11819 90761 37241 14049 53520 2230 10481 1784 31600 67200 75400 15400 44200 10600 81400 33400 12600 48000 2000 9400 1600 4898 10416 11687 2387 6851 1643 12617 5177 1953 7440 310 1457 248 62252 132384 148538 30338 87074 20882 160358 65798 24822 94560 3940 18518 3152 47716 101472 113854 23254 66742 16006 122914 50434 19026 72480 3020 14194 2416 17854 37968 42601 8701 24973 5989 45991 18871 7119 27120 1130 5311 904 51350 109200 122525 25025 71825 17225 132275 54275 20475 78000 3250 15275 2600 39816 84672 95004 19404 55692 13356 102564 42084 15876 60480 2520 11844 2016 22120 47040 52780 10780 30940 7420 56980 23380 8820 33600 1400 6580 1120 29388 62496 70122 14322 41106 9858 75702 31062 11718 44640 1860 8742 1488 53088 112896 126672 25872 74256 17808 136752 56112 21168 80640 3360 15792 2688 3792 8064 9048 1848 5304 1272 9768 4008 1512 5760 240 1128 192 394 223 200 31 394 302 113 325 252 140 186 336 24 158 336 377 77 221 53 407 167 63 240 10 47 8 127224 79033 129611 125561 37936
200
128424 73499 197622 60991 47710 9636 78844 4479 14716 136929 111941 95976 46034 164925 188464 62902 71688 131477 67014 80335 136092 138006 178065 8250 138333 77293 98638 144749 182773 67111 195427 119117 92363 138905 164586 57119 63370 196328 153326 188507 163085 65532 31687 196924 174844 104447 8330 114395 69239 50919 45776 67177 93078 72255 142650 134642 142400 123623 186038 125909 88922 113318 54582 123697 149215 18253 94600 110441 171821 173998 114845 109476 169009 152608 125614 118231 148866 42598 194056 58436 184547 144531 85031 51413 117287 121758 35066 135536 18402 158020 26864 120005 28871 123233 16701 71884 23018 87882 2832 76229 54993 186345 69343 180922 158657 22461 194825 25402 90374 56366 195280 34629 95087 76002 63874 71542 125737 87328 20369 135654 197333 84303 134266 122053 92130 187492 38772 100830 132361 124934 79432 114003 51163 171226 11558 101909 191568 32140 130239 92379 60628 180446 9306 93141 63299 52431 130697 41497 131286 93762 170131 78947 189097 97533 189742 174887 22988 10909 47655 160991 185678 130656 34465 108504 130464 98378 108430 85416 18123 47461 105946 146474 148555 119719 52976 930 88494 16338 42928 62093 15791 184454 24919 183395 93356 66346 78432 117314 22446 37288 184666 114037 127758 48446 9232 60017 18665 186575 26431 16783
200
75381 178922 46968 136580 129095 137303 168869 175015 103307 16235 67606 23355 2187 18705 19514 129725 59501 88251 21143 132303 85938 3208 150852 159870 78542 157994 111452 165708 47727 196459 17169 88953 43420 63784 19667 127295 162070 63421 141876 93240 3228 26265 3463 133143 66008 176223 168280 154893 177821 89722 141112 5434 169235 75101 131327 51609 130306 136969 58319 60273 113994 156629 20490 131181 187494 186815 72341 139570 61329 173442 164399 93892 74125 150722 164874 18156 162187 138786 188895 54052 190280 1262 64997 103740 160440 176151 144824 188937 82180 41385 139422 24666 189606 164147 146834 73377 150655 171523 91616 8781 177091 119050 5424 171142 151553 55843 82983 40692 38142 161512 83716 191184 181209 127488 155995 187060 150142 33101 172599 144981 12862 172603 192667 182278 143811 87532 144129 118221 78843 67392 117196 32939 100277 83334 103347 93423 154708 17207 180976 100393 20432 130719 167152 93271 155529 28292 153622 93690 180542 194588 14875 189461 120018 19867 4855 150808 143345 96519 138805 122144 51282 55485 36499 190365 124157 176352 78868 6715 50474 16419 23841 133540 193579 154623 70208 26485 66080 25200 96734 196976 125121 99884 11995 62388 153536 56574 7808 57933 87628 181582 55038 185607 100768 179544 5758 21420 17703 54656 140286 54264
200
152641 43668 50475 26516 116242 189918 51702 56931 64887 121807 161280 88621 162656 53047 126765 95812 130795 184144 173288 137117 140953 40362 171429 58018 74324 143901 135422 145746 193418 196200 3765 162864 78239 26059 34365 100832 189951 124951 145368 11260 60296 2838 44951 123887 21270 193944 190477 115505 178362 41423 513 16537 139457 20495 130722 23023 169120 185201 145140 140390 56817 88913 72639 80551 69767 155544 53139 9775 174104 183468 166794 123722 171270 44756 91483 151140 132671 36908 132358 16423 53581 5677 18348 85192 74980 32038 193051 38746 199894 96929 144708 176577 127295 159469 111233 64798 71459 77221 40398 64462 22183 171941 173700 191744 165305 95571 21911 12769 8658 130991 197805 22218 167784 40618 105942 157382 21891 192651 195866 118282 130694 109125 71110 167607 197226 44399 23286 100139 37031 143624 134300 190340 89081 55665 53220 81696 55538 68337 43995 136584 86060 140360 185462 60510 194124 128525 123031 148458 34510 132243 21643 144485 151314 31624 183220 49557 122291 48252 167605 68261 152876 34123 45138 159798 176389 70696 188905 7517 24428 124130 6895 101563 87525 60453 147460 199079 48845 28559 179629 88080 137709 13446 197543 104208 32552 163637 136842 152160 142278 49493 142353 56017 101089 177833 102427 36720 90091 31118 98108 18939
200
126295 12064 134212 152308 58812 152308 52026 145522 121394 123279 159094 52930 5056 56248 63832 24648 63832 21804 60988 50876 51666 66676 69680 6656 74048 84032 32448 84032 28704 80288 66976 68016 87776 46565 4448 49484 56156 21684 56156 19182 53654 44758 45453 58658 110550 10560 117480 133320 51480 133320 45540 127380 106260 107910 139260 7370 704 7832 8888 3432 8888 3036 8492 7084 7194 9284 118255 11296 125668 142612 55068 142612 48714 136258 113666 115431 148966 23785 2272 25276 28684 11076 28684 9798 27406 22862 23217 29962 35175 3360 37380 42420 16380 42420 14490 40530 33810 34335 44310 140700 13440 149520 169680 65520 169680 57960 162120 135240 137340 177240 106530 10176 113208 128472 49608 128472 43884 122748 102396 103986 134196 377 158 208 139 330 22 353 71 105 420 318 335 32 356 404 156 404 138 386 322 327 422 39458 6022 182809 39299 73983 106545 123038 30164 123752 50980 24763 41226 37266 113507 58266 80875 33799 151130 13735 131251 60235 137796 133434 6579 21497 132903 197205 138307 114512 89239 145530 130102 23301 121277 155442 168401 47285 7845 158227 160591 46458 14527 150472 5924 35559 15614 135774 65930 17913 40450 110764 28940 5206 161311 141152 138029 91452
200
36886 188569 134962 112012 186973 138039 124271 95765 190499 92053 181972 26303 9704 82153 42837 62544 45727 132485 179075 56882 135002 90569 95883 39053 161300 156532 45651 120803 142789 155117 151175 150772 161147 135943 96168 29814 183935 30139 68468 180900 59854 36747 13336 152472 119184 10313 137098 135926 189981 28546 118391 97632 182528 163435 94825 143215 85514 145379 7642 59551 158994 167287 55440 48831 107664 164388 198961 185708 134081 26794 91254 185431 94745 144178 54322 188706 5730 199319 154038 86890 196997 59186 106599 100609 113873 89716 165056 119383 128482 102040 98843 195087 359 184418 187165 7077 88269 92984 73582 123845 32611 188435 141208 187875 167358 181876 98607 162507 28620 52276 111229 128125 58779 29301 17790 53208 21500 47111 127207 1364 165812 75888 40864 71798 6189 149165 121859 199915 193667 118537 175421 94157 157633 13026 108522 173958 59715 121089 96561 9421 8360 122435 8971 179534 102811 38763 65709 185672 135858 77141 182485 124144 102711 105195 84971 61968 131735 21842 99843 114806 167453 184911 175449 177865 184814 109230 107786 170989 136319 103972 95951 115711 153083 30195 127995 64590 68513 135788 89371 177660 158543 109352 172308 63396 35261 198906 38853 133589 193911 164152 121469 121539 93139 69486 152846 80379 109625 38210 152214 139526
200
65537 65537 65537 65537 65537 65537 65537 131073 65537 131073 65537 131073 131073 131073 131073 65537 65537 131073 65537 65537 65537 65537 131073 131073 131073 131073 131073 131073 65537 65537 131073 131073 65537 131073 65537 131073 65537 131073 65537 65537 65537 65537 65537 131073 131073 131073 131073 131073 131073 131073 65537 131073 65537 65537 65537 131073 131073 65537 131073 131073 65537 131073 65537 131073 65537 65537 131073 65537 65537 65537 131073 65537 131073 131073 65537 131073 65537 131073 65537 65537 131073 131073 65537 131073 65537 131073 131073 65537 131073 65537 131073 131073 65537 65537 65537 131073 65537 131073 65537 65537 65537 65537 131073 65537 131073 131073 131073 131073 65537 65537 65537 65537 131073 131073 65537 131073 131073 65537 131073 65537 65537 65537 131073 65537 65537 131073 65537 65537 131073 131073 65537 65537 65537 131073 131073 65537 65537 65537 65537 131073 131073 65537 131073 131073 65537 65537 131073 131073 131073 65537 65537 65537 65537 65537 65537 65537 131073 131073 65537 65537 65537 65537 65537 131073 65537 131073 65537 131073 65537 65537 131073 131073 131073 131073 65537 65537 131073 65537 65537 65537 65537 65537 131073 65537 131073 131073 65537 131073 65537 131073 131073 131073 65537 65537 131073 131073 131073 65537 131073 65537
200
51248 187941 180632 136925 197448 153064 132816 126094 193606 89212 147835 3326 148544 30619 129963 193605 77277 180135 134936 20867 192808 137659 191293 61294 148066 71228 56816 34249 40499 24057 128608 28760 118861 105003 173903 70521 4603 99618 177342 134162 162288 11842 7673 29817 67906 122238 109356 195932 98047 98671 94398 123139 18554 132765 1663 85920 100517 146082 168612 20659 52418 71982 73189 46960 134428 160123 137830 71090 86000 117426 26914 37486 86201 71674 185563 98262 115308 40179 61981 3938 153250 119936 99431 45776 130363 117901 94364 147919 123484 65645 35136 127886 179853 55412 139432 89832 101092 162036 80028 96396 133025 76941 136929 12487 138129 171032 16636 185451 20859 31351 137657 84204 10160 8836 144838 101047 17005 59042 168979 190226 88895 124084 177126 50545 193733 41203 37941 26813 8866 114477 66742 64270 12298 105182 100504 168261 16120 119559 100951 85855 34827 17870 183231 156268 121883 62940 17853 189958 195612 101536 81069 14634 23028 80213 129540 103768 185324 149472 119820 87851 153133 89940 71124 45677 43863 18335 152802 107501 33973 40138 42452 178864 84575 135700 187917 169497 149314 16572 192147 174778 92511 86273 15569 169265 65298 129562 9299 191735 170726 21807 116198 92204 178067 18686 174023 67592 132949 90487 186137 175178
200
17880 34270 14304 25330 100128 102214 71222 65262 77778 30694 84334 97148 9120 17480 7296 12920 51072 52136 36328 33288 39672 15656 43016 49552 8160 15640 6528 11560 45696 46648 32504 29784 35496 14008 38488 44336 600 1150 480 850 3360 3430 2390 2190 2610 1030 2830 3260 13560 25990 10848 19210 75936 77518 54014 49494 58986 23278 63958 73676 21420 41055 17136 30345 119952 122451 85323 78183 93177 36771 101031 116382 13920 26680 11136 19720 77952 79576 55448 50808 60552 23896 65656 75632 11280 21620 9024 15980 63168 64484 44932 41172 49068 19364 53204 61288 12060 23115 9648 17085 67536 68943 48039 44019 52461 20703 56883 65526 660 1265 528 935 3696 3773 2629 2409 2871 1133 3113 3586 2280 4370 1824 3230 12768 13034 9082 8322 9918 3914 10754 12388 11760 22540 9408 16660 65856 67228 46844 42924 51156 20188 55468 63896 298 152 136 10 226 357 232 188 201 11 38 196 60 115 48 85 336 343 239 219 261 103 283 326 8826 82572 13113 40559 54066 128177 50676 112028 69642 161474 6021 140399 52247 80353 41220 1626 15210 45087 180332 191203 5927 125701 153863 119369 152291 133937 11647 134744 22410 9672 160185 79984
3
65537 65537 131073
200
116246 99008 100334 163540 131716 11492 39338 36244 180778 111826 180336 6312 5376 5448 8880 7152 624 2136 1968 9816 6072 9792 69432 59136 59928 97680 78672 6864 23496 21648 107976 66792 107712 115457 98336 99653 162430 130822 11414 39071 35998 179551 111067 179112 44447 37856 38363 62530 50362 4394 15041 13858 69121 42757 68952 6312 5376 5448 8880 7152 624 2136 1968 9816 6072 9792 54178 46144 46762 76220 61388 5356 18334 16892 84254 52118 84048 69695 59360 60155 98050 78970 6890 23585 21730 108385 67045 108120 21566 18368 18614 30340 24436 2132 7298 6724 33538 20746 33456 19199 16352 16571 27010 21754 1898 6497 5986 29857 18469 29784 109671 93408 94659 154290 124266 10842 37113 34194 170553 105501 170136 442 24 264 439 169 24 206 265 82 73 417 263 224 227 370 298 26 89 82 409 253 408 41737 16889 110583 57330 54628 66118 100352 13139 72141 15506 160558 150213 90065 143011 142127 113818 1365 54705 53278 105258 89154 76757 90568 113311 124984 118130 395 185339 150723 18099 176833 62127 57298 151700 94349 26944 96363 5193 13492 68388 1340 35624 155840 161216 96595 149736 51038 158960 122500 95563 188076 26407 142395 165248 12120 1412 122469
200
1 1 0 0 0 1 0 1 1 0 1 0 1 1 0 0 0 0 0 1 1 0 0 1 0 1 1 1 0 0 0 0 0 1 0 1 1 0 0 1 1 1 0 0 0 1 0 1 1 0 0 1 0 1 0 1 0 0 0 0 0 1 1 0 0 0 0 0 0 1 1 0 1 0 1 0 1 1 1 1 1 0 1 1 0 1 1 0 1 0 0 0 0 1 1 0 1 0 0 1 1 1 0 1 1 1 1 1 1 1 1 1 0 0 1 1 1 1 1 1 0 0 0 0 0 1 0 1 0 1 0 0 1 1 0 1 0 0 0 0 1 0 0 0 1 0 1 0 0 0 1 0 0 0 1 0 0 0 0 0 1 1 0 0 0 1 0 0 1 0 1 0 1 0 1 1 1 0 1 1 0 0 0 0 0 1 0 1 0 0 0 1 1 0 0 0 0 0 0 0
200
133176 160579 64986 168470 45097 95680 161491 56780 139808 153962 161234 134390 58612 162893 102984 5144 46570 139416 88304 9090 163706 190241 158519 87801 29917 46601 52773 17624 112799 97049 159154 153197 190644 7212 23596 152425 67005 67918 26767 159947 116329 83238 125662 29934 31876 180810 115828 90664 33463 15043 135650 180803 190716 71705 74630 125682 64977 172949 8029 154856 154583 57958 198090 70038 159420 195543 188616 26336 142260 58091 30288 33215 172671 178392 69397 98218 179993 158706 191925 7652 175364 148633 151268 121139 33985 65451 46774 176239 23941 70607 165272 152920 11213 38288 29513 129797 141400 88877 87726 1629 27561 36289 14804 73585 138707 67654 151313 138178 12825 45738 171291 172547 112201 71691 85627 140613 157038 135509 144337 80412 150774 141766 114242 184536 70676 128979 155773 114845 173528 102008 94194 28007 53971 55525 170413 173449 22890 22245 118524 137429 198953 67007 23867 6279 138723 137739 124016 66570 15355 3614 173053 35302 89576 147368 149128 81302 113540 181362 111796 124979 120522 186960 105826 141318 67372 68285 97589 117157 68453 8513 136019 71817 194200 168736 155891 167909 89273 104989 79991 55852 156835 99855 175045 65534 197740 9160 32616 128863 51154 15643 52550 84821 63918 147268 173021 142616 105567 70118 53636 154910
200
129404 52734 73304 79288 151096 157828 139128 100686 41031 57036 61692 117564 122802 108252 19376 7896 10976 11872 22624 23632 20832 12110 4935 6860 7420 14140 14770 13020 100686 41031 57036 61692 117564 122802 108252 107952 43992 61152 66144 126048 131664 116064 81656 33276 46256 50032 95344 99592 87792 374 291 56 35 291 312 236 346 141 196 212 404 422 372 78275 177642 140126 74063 95180 59807 23495 131813 116684 1347 191570 85185 139627 114957 63648 24906 3822 91554 22412 87033 68954 10363 114274 126904 56827 10588 39858 100622 148083 153343 49629 50295 190436 115862 79459 7045 144727 183327 153202 22534 109437 86089 68686 88403 46845 140082 105104 129116 150384 104846 69978 160571 119890 122995 93832 10797 15170 5068 185872 55053 174081 55832 97844 32820 144636 109368 39186 181815 147370 120089 77525 35621 113091 85672 187511 11064 95443 139407 137928 60322 55440 67298 96321 48882 69519 104461 190993 60289 26564 138662 186190 98439 131936 46693 8705 60015 131170 48140 179872 33635 30928 95104 155433 189315 60008 152176 57810 92143 163201 16929 78523 122239 46046 138157 78949 78617 21245 31630 182641 127392 97918 147931 180319 78937 166272 68101 20853 25792 118608 15742 109844 182035 76784 9905 145302 72887 120379
200
1 1 1 1 1 1 1 1 1 1 1 1 1 1 1 1 1 1 1 1 1 1 1 1 1 1 1 1 1 1 1 1 1 1 1 1 1 1 1 1 1 1 1 1 1 1 1 1 1 1 1 1 1 1 1 1 1 1 1 1 1 1 1 1 1 1 1 1 1 1 1 1 1 1 1 1 1 1 1 1 1 1 1 1 1 1 1 1 1 1 1 1 1 1 1 1 1 1 1 1 1 1 1 1 1 1 1 1 1 1 1 1 1 1 1 1 1 1 1 1 1 1 1 1 1 1 1 1 1 1 1 1 1 1 1 1 1 1 1 1 1 1 1 1 1 1 1 1 1 1 1 1 1 1 1 1 1 1 1 1 1 1 1 1 1 1 1 1 1 1 1 1 1 1 1 1 1 1 1 1 1 1 1 1 1 1 1 1 1 1 1 1 1 1 1 1 1 1 1 1
200
0 0 0 0 0 0 0 0 0 0 0 0 0 0 0 0 0 0 0 0 0 0 0 0 0 0 0 0 0 0 0 0 0 0 0 0 0 0 0 0 0 0 0 0 0 0 0 0 0 0 0 0 0 0 0 0 0 0 0 0 0 0 0 0 0 0 0 0 0 0 0 0 0 0 0 0 0 0 0 0 0 0 0 0 0 0 0 0 0 0 0 0 0 0 0 0 0 0 0 0 0 0 0 0 0 0 0 0 0 0 0 0 0 0 0 0 0 0 0 0 0 0 0 0 0 0 0 0 0 0 0 0 0 0 0 0 0 0 0 0 0 0 0 0 0 0 0 0 0 0 0 0 0 0 0 0 0 0 0 0 0 0 0 0 0 0 0 0 0 0 0 0 0 0 0 0 0 0 0 0 0 0 0 0 0 0 0 0 0 0 0 0 0 0 0 0 0 0 0 0
200
1 1 1 0 0 1 1 0 1 0 1 0 0 1 1 1 1 1 0 0 0 1 1 1 1 1 1 1 0 0 0 0 1 1 1 0 0 1 0 1 1 1 0 1 1 1 0 1 1 0 1 0 0 1 1 0 1 1 0 0 1 1 0 1 1 1 1 0 1 0 0 1 0 1 1 1 0 1 0 1 1 1 1 0 1 0 0 0 0 1 1 1 1 0 0 1 0 0 0 0 0 0 0 1 1 0 1 0 0 0 1 0 0 1 1 1 1 1 1 0 0 1 1 1 0 0 0 1 1 0 1 1 1 1 0 1 1 1 1 1 1 1 1 0 1 0 1 0 0 0 0 0 0 0 0 0 0 1 0 1 1 1 0 0 0 0 1 1 1 1 1 1 0 1 1 0 1 1 1 1 1 1 0 0 0 1 0 1 1 0 1 1 1 1 0 1 0 0 1 1
